1538151792.380665000
1538151792.381457000
1538151792.384300000
1538151792.385131000
1538151792.387982000
1538151792.388876000
1538151792.391919000
1538151792.392537000
1538151792.395308000
1538151792.395999000
1538151792.399132000
1538151792.399857000
1538151792.402941000
1538151792.403932000
1538151792.406975000
1538151792.407587000
1538151792.410446000
1538151792.411030000
1538151792.413798000
1538151792.414655000
1538151792.417516000
1538151792.418474000
1538151792.421613000
1538151792.422505000
1538151792.425533000
1538151792.426472000
1538151792.429603000
1538151792.430518000
1538151792.433649000
1538151792.434455000
1538151792.437380000
